f=[...
    0.557086014531156
    0.371390676354104
    0.742781352708207]

g=[...
    0.206284249251759
    -0.928279121632914
    0.309426373877638]
O=[0    0    0]'
plot3([O(1) f(1)],[O(2) f(2)],[O(3) f(3)])
hold on
plot3([O(1) g(1)],[O(2) g(2)],[O(3) g(3)])

f'*g
