% A=[ 5     1     1
%     1     2     2
%     1     1    -1]
% B=[10
%     11
%     0]

% AB=[A B]

   AB=[...
   1.00  2.00  1.00  1.00    2.00
   0.00  1.00  2.00  2.00    1.00
   2.00  4.00  4.00  1.00    8.00
   3.00  3.00  6.00  5.00   -4.00]

AB(2 ,: )=AB(2 ,: )-1/5*AB(1,:)
AB(3 ,: )=AB(3 ,: )-1/5*AB(1,:)

AB(3 ,: )=AB(3 ,: )-0.8*AB(2,:)/1.8

z=AB(3,4)/AB(3,3)
y=(AB(2,4)-z*AB(2,3)   )/  AB(2,2)
x=(AB(1,4)-z*AB(1,3)-y*AB(1,2))/ AB(1,1)

[x y z]
